Version 1.0.0
1.png:1 R:4 53 80 1447 80 1447 257 53 257 0 "49712440"
2.png:1 R:4 38 97 1455 97 1455 289 38 289 0 "944741520"
3.png:1 R:4 27 50 1356 50 1356 240 27 240 0 "974004520"
4.png:1 R:4 40 81 1426 81 1426 244 40 244 0 "95201634"
5.png:1 R:4 75 83 1395 83 1395 276 75 276 0 "72438805"
6.png:1 R:4 97 89 1375 89 1375 246 97 246 0 "09417438"
7.png:1 R:4 64 77 1385 77 1385 278 64 278 0 "47802598"
8.png:1 R:4 62 85 1393 85 1393 250 62 250 0 "91540849"
9.png:1 R:4 32 91 1393 91 1393 272 32 272 0 "45804275"
10.png:1 R:4 95 92 1387 92 1387 262 95 262 0 "64401899"
11.png:1 R:4 48 92 1359 92 1359 258 48 258 0 "40287505"
12.png:1 R:4 83 73 1361 73 1361 254 83 254 0 "83691405"
